# {2, 4, 7, 13, 22, 38, 65, 90, 150, 240}
# SLICE 1
1.000
1.000
1.000
2.000
3.418
3.441
4.441
5.441
6.441
7.442
7.613
7.613
7.613
7.613
7.613
12.128
14.277
14.590
14.590
14.590
# SLICE 2
1.252
1.508
1.508
2.211
3.418
3.441
4.441
5.441
6.441
7.442
9.793
11.262
11.862
12.522
12.522
12.987
15.250
15.250
15.250
15.250
# SLICE 3
1.252
1.508
1.508
2.452
5.527
6.113
7.613
9.527
9.946
10.546
11.123
11.498
11.498
12.522
13.628
14.617
15.250
17.838
19.000
19.000
# SLICE 4
1.252
1.508
1.508
2.452
5.527
6.784
7.784
9.527
10.046
10.917
11.123
11.574
12.074
12.522
14.218
14.617
15.250
17.838
19.000
19.000
# SLICE 5
1.252
1.508
2.208
3.032
6.421
7.196
8.742
10.134
10.383
11.479
11.521
12.733
12.733
12.733
14.218
16.555
16.555
17.998
19.000
19.000
# SLICE 6
1.252
1.508
2.804
3.786
7.276
8.376
9.673
10.486
10.518
11.479
12.852
13.481
13.561
14.586
15.487
16.555
17.540
18.999
19.000
19.000
# SLICE 7
1.252
1.796
3.545
5.124
7.076
8.874
9.570
10.883
11.782
11.782
12.852
13.481
14.225
15.349
16.798
17.500
17.540
18.999
19.000
19.000
# SLICE 8
1.252
2.596
3.945
5.380
7.528
9.186
9.970
10.883
11.782
11.782
12.852
14.428
14.553
16.037
16.885
17.877
17.877
18.999
19.000
19.000
# SLICE 9
1.252
2.596
3.945
5.380
7.528
9.186
10.486
11.608
12.541
13.507
13.507
14.428
16.262
16.713
18.351
18.351
18.351
18.999
19.000
19.000
# SLICE 10
1.252
2.596
3.945
5.380
7.528
9.186
10.486
12.290
13.479
13.995
14.395
15.685
17.069
18.449
18.452
18.452
18.452
18.999
19.000
19.000
